DK1	DK2	DK3	DK4	DK5	DK6	DK7	DK8	DK9
DK1 57.19386746 11.18414111	5.786745796	4.007484339	5.659577976	7.547444774	8.461061655	4.354302671	5.127860204
DK2	11.18414111	64.85668755	11.15881965	4.02061765	4.081657325	7.0361798	3.876711727	9.290009891	9.358929553
DK3	5.786745796	11.15881965	51.81594461	9.744596109	3.487570063	5.149660402	4.294038905	2.214005935	4.220520936
DK4	4.007484339	4.02061765	9.744596109	62.07823717	5.861841961	9.036746895	6.029240576	7.556834817	3.708398725
DK5	5.659577976	4.081657325	3.487570063	5.861841961	54.78217387	7.929860424	5.610264864	5.42363996	4.003253105
DK6	7.547444774	7.0361798	5.149660402	9.036746895	7.929860424	52.9340499	9.667526102	6.04413452	8.268253654
DK7	8.461061655	3.876711727	4.294038905	6.029240576	5.610264864	9.667526102	46.55871195	5.448090999	6.646734806
DK8	4.354302671	9.290009891	2.214005935	7.556834817	5.42363996	6.04413452	5.448090999	41.21649852	8.016063304
DK9	5.127860204	9.358929553	4.220520936	3.708398725	4.003253105	8.268253654	6.646734806	8.016063304	33.23735356
